-2.383112121
1.299750039
-2.340342053
1.406565218
1.720514585
-0.586287782
-0.008700477
1.218545009
3.222018601
1.640934093
0.51961203
0.153469799
2.697674224
-0.079848638
2.849230711
0.679196246
1.422404197
-2.119336324
1.692478487
-1.581914892
1.351943375
1.424490414
-0.147525554
2.174885147
3.909296941
-2.370058027
-1.041310524
0.431843383
-0.851499351
1.346113891
4.064872363
-1.425181784
-0.132260426
0.418099834
-0.544848362
1.036335146
3.451427871
1.945988434
3.023162508
-0.19683104
2.8937421
-2.863898146
-0.530793995
1.442231497
-0.291651782
0.041015573
4.332146412
0.882316563
-1.265913861
-0.102709607
2.582799821
0.103997123
3.855749984
-2.54387892
1.255737124
2.155473054
1.201899399
-1.469250117
3.984637537
-1.656305292
3.346165036
-0.42984241
3.232054693
0.578497012
-0.065652749
1.184886858
-0.238683044
0.280184886
1.990728498
0.178153013
-0.023887441
2.009510644
3.326342522
1.344027747
-0.197616156
0.639353148
1.569831118
-0.445136995
4.871955869
-2.084864794
4.229644526
-1.422802585
1.738810955
-0.117244286
1.259723752
1.164603344
1.253488936
1.614359378
-1.543248402
2.33142736
1.157408263
0.560921938
0.471264288
-0.11910061
4.8615044
-1.307033521
-0.977201312
-3.255568079
1.53810364
2.635784743
-0.019691436
0.773672691
6.075502127
-1.969154761
-0.781473047
-1.061144077
5.681903278
0.136226052
0.828903127
1.443998027
-0.194438796
1.290249486
-1.236488085
-2.76234212
-1.477615533
4.948229527
3.026484222
3.624617326
3.020416447
-1.698431821
-0.932800736
-1.02499537
4.219220191
-1.425533038
4.22837996
-2.166120426
2.550408477
-1.482483806
0.54952081
0.368921972
3.792351128
-1.851764146
0.750051121
1.156048443
1.137596011
2.570947563
1.91529727
-2.705154616
3.236679322
-2.811061378
2.00146864
3.762226197
-0.346364077
-0.872918069
4.358586582
-0.261340471
1.43204727
1.281109408
1.778263077
-0.566939
2.325327857
1.736429326
-0.043769245
0.302491908
0.078608613
4.448787481
-2.931602317
-0.346330439
0.409548268
-0.207992294
-0.426146025
2.687055889
2.972859737
-1.908428757
1.643935647
-1.841822198
5.469507671
0.99436532
-2.924302802
4.930636255
-0.161072122
-2.162528188
0.708782747
5.161548728
-0.105110548
-0.507442714
5.065849104
-0.030338168
2.679949862
-3.033819647
1.377500393
1.167019261
-3.163783174
1.966265999
3.316271693
-1.377977664
2.136637599
0.590290436
3.747704644
-1.939970425
-2.145234308
3.105000251
-0.392468822
1.781461179
4.386395452
2.186788069
-1.041906501
-0.863143895
0.491347982
2.714162967
3.478194403
-4.219516804
1.616106347
-1.679420401
2.043317613
3.141823048
-2.028276834
0.557222098
2.688282893
-1.526105782
-0.152860049
-0.806400891
-0.443368524
3.650376221
5.335952096
-1.522865137
-1.413807358
3.150154059
4.318126814
-3.557962904
-2.970958209
-1.748152169
5.849327159
-4.011818644
2.944107549
3.793238895
1.652675917
-4.338587342
0.819714101
-0.020049796
1.79195257
3.121770862
-0.366292854
4.618876708
0.750162254
-2.997148614
1.256029479
-0.453743574
2.224149589
1.547039898
2.698030854
0.088581977
1.313191797
0.388690478
-0.060067884
-1.246594572
6.997840294
-1.788081967
-1.555580408
3.640898257
-0.193481852
3.622698836
-0.071579475
-2.066584727
3.537453666
1.040760729
1.343039131
1.266401211
0.733352449
2.770946462
3.491249231
-2.657807692
-1.713357844
2.59510356
-1.137289454
3.822034234
-1.578952543
0.988096866
2.025297075
1.098007612
-4.681491997
2.164735998
1.312965777
5.886667885
4.081076292
-0.699800769
0.236484208
-1.704629479
1.119524239
4.141261743
-0.669702549
1.676850406
-1.616466682
0.529634554
2.910311529
2.520653386
-1.246290704
-3.016516313
2.763152488
-1.517423077
3.927280286
2.063672038
0.776336548
-1.708428202
0.270050827
-1.107868841
-0.412253277
5.235323259
1.103973856
-2.300968524
-0.611124604
4.390611504
0.333519204
0.022258373
0.653309992
-3.320626335
4.816269492
4.14000246
1.637332734
-4.788938587
2.949499978
2.319345583
-2.664309848
2.656570185
1.482133411
3.954182265
1.804398054
-3.097314386
-0.174679312
0.896931676
2.627087318
2.393876132
1.262429446
-3.262442543
-0.46316107
3.151448801
7.001550665
-2.643963909
0.559052829
-0.065161509
2.513005838
1.647362589
3.474774735
-2.181762105
1.61894203
2.266911839
0.209516281
0.313903586
2.740274636
0.186915828
0.578312166
-1.716970054
3.267606898
0.213715138
2.083053885
2.193541346
0.873562154
0.136585972
-2.168353675
3.66340808
3.404789993
-1.472941411
1.870060226
0.46998272
-0.034024805
1.723441468
0.172701848
-0.270579759
2.052808213
0.441935372
-0.971655288
0.659084846
-0.632563872
1.842823899
4.738847453
1.027713008
-4.600759682
0.051338454
2.357718575
1.201287128
3.275797776
-1.231068428
-0.561993787
1.507046839
-2.026623673
4.324718235
1.304125628
-2.076512798
3.092515372
-1.855909295
2.409439981
-2.187842153
1.885507494
-0.342236389
2.918405367
0.845828039
-2.752481261
1.923511794
3.769224026
0.120220411
1.13742435
-4.887835551
-0.657412072
3.890416292
2.623687742
3.688132221
-1.742787829
2.654853307
1.489463117
-2.041628243
1.123802964
0.141387972
2.72927324
2.598951216
-0.051954666
-2.462393218
0.619248814
2.830460935
-0.517732641
-0.070716858
-0.445011327
5.049474506
0.145420238
-1.47629374
1.216928396
0.414448459
1.118862908
-0.012838098
4.402390187
-3.639669589
0.684400666
-0.489496659
2.986824847
2.241805953
2.390593505
-3.51990137
2.975994578
-1.521279343
0.629431587
1.646764057
-0.36633158
1.118698326
1.926286357
1.20548875
1.325255601
0.578779849
0.438199527
2.421294465
-0.751549903
1.208738046
1.886450469
0.885257863
0.759208719
3.062084049
-1.89090333
0.735328404
1.741658045
-1.306217536
0.002761539
5.231318289
2.07638324
-1.559281969
7.219629642
-8.082992863
1.835907538
1.497764287
2.082940156
1.748671114
-0.330519876
-0.02248869
2.066849326
2.799660568
5.905134073
-4.522839202
-1.867021712
5.85815653
-4.525819519
1.202019661
5.034339435
1.958039314
-5.203361223
2.935034645
4.004693329
-2.144611632
2.813440436
-0.895875244
4.264559432
0.501939449
1.805218067
2.664656946
-0.515808559
-1.103712165
0.173193578
0.847723856
-0.263201611
0.875539203
2.006211548
4.00047741
1.524045621
-4.999337132
-1.130352588
10.07740727
-0.39314156
-1.578992537
-1.43440344
2.225271941
-1.343867507
2.68133879
