13.93796019
14.3400499
8.413528428
12.35708855
8.850426388
8.966898454
8.227196091
8.043229861
9.569800922
8.007674879
7.089506683
6.353652106
7.113262288
9.904522602
7.286424497
10.14982524
8.218951996
8.950805747
9.558729983
6.746028441
7.747096028
6.183382038
6.358117493
7.18294662
5.640673025
6.28404626
8.622637588
6.18954337
7.739482577
3.494846389
9.177657445
9.887314799
10.45001663
7.821491337
10.35217271
9.813028346
9.470614377
9.740804667
11.70022267
10.6730314
11.02668954
11.61038253
11.7769123
7.948074435
9.955617889
8.189386077
8.007942103
11.98498625
11.72791383
8.83115619
6.973107409
9.636045732
6.889034685
7.318231662
6.076924399
6.573011915
8.929721948
4.815679432
5.562730103
4.371826704
9.601215557
7.314486012
12.30477445
6.984236645
9.352909014
8.457390903
12.00627921
8.618182336
5.62934294
8.224767271
8.908466408
11.42278426
12.15680023
11.88332424
9.347121182
10.30858304
11.33777566
12.42006461
11.47450268
11.3352447
10.55159198
11.62257843
9.470790353
11.33507115
8.029198795
10.97963244
9.610317856
11.94837702
9.169235696
11.89241676
8.08274474
5.55031437
9.793805899
9.322409971
8.462709806
7.703309685
3.12869447
8.25460325
9.814110376
9.796426253
13.65373968
9.308072387
8.571920526
6.934922228
8.0450789
10.86948579
10.4727749
8.963763309
11.00535041
8.307708597
8.853565301
12.04468372
11.01255332
11.15792154
11.68340578
10.39361437
10.05247592
10.496372
10.71033321
13.39009806
10.98528165
14.73973762
14.00755117
13.00441773
12.08449691
11.31176114
10.35421319
13.82608088
10.38413736
10.40122669
11.558709
8.180505404
11.50079202
11.16634295
7.727641089
6.350614192
6.596312925
6.596979884
9.428483853
8.445983709
10.87502268
11.05380135
10.08823818
12.93105396
13.99293306
14.81620081
13.69046958
14.66195508
10.93992201
15.78733594
12.61298334
11.48016055
10.38711378
13.00782496
12.03685784
12.21861876
15.49082357
13.6086756
9.129363746
10.0362961
10.16349968
7.089758021
8.929077424
3.88417712
10.42120106
8.822765954
6.389909078
9.52208
8.316085642
8.095953352
11.42548063
10.50335714
8.130598263
9.455271139
10.66966497
8.772393512
9.411738153
7.469149353
9.216832232
2.23378701
9.099896692
5.924601374
4.557266291
4.537726077
7.458578736
7.676884452
9.211594369
13.07110392
11.23713903
8.378052286
8.833502234
11.22115122
9.999923041
8.306544399
8.749138103
10.25670382
10.92472453
8.852661582
9.370479487
8.175525445
7.087420917
9.617781175
9.666037284
11.04572501
8.909818413
8.212301785
10.20836788
8.535620659
9.734776648
14.68965649
12.30890985
14.66811769
12.50210137
15.98626641
11.03566139
9.9906163
7.484808281
11.05485986
9.041661461
12.37993049
12.59321328
12.79071809
14.29073465
13.45849731
11.04822728
14.22617536
11.01704677
12.31314634
11.16012953
9.208292868
9.005509091
11.09291727
7.60075436
7.010365378
12.28159918
13.97546619
14.89927955
14.64134895
17.447931
14.70727427
14.09976541
13.29081529
16.0897556
11.44281682
12.21843705
12.47492192
11.68086718
15.58510016
11.21021511
12.65910988
11.45263679
12.37657769
11.50138497
12.6360004
11.31663298
8.702872098
9.863281185
6.848435936
12.09282797
8.490993815
10.12481596
7.47611622
9.303084823
8.734291099
5.589012441
9.950950905
6.558055735
10.49160979
9.483391217
8.642797185
6.955252116
6.855366214
6.042118304
10.54446825
5.444894241
9.519438236
6.567142322
6.653188719
8.605188564
8.734837159
7.140905598
7.369442342
6.901160737
6.92886765
7.393181086
11.33705403
10.22346366
8.866112927
7.532250959
8.974973568
8.4850087
7.172259746
9.354172215
7.928285343
6.960052947
5.767547683
2.4296663
2.679557732
