10.66414382
7.863840852
9.356809299
2.177187346
9.112858848
3.875293296
5.378182918
4.752517597
4.588046163
6.322361346
4.297753935
3.837605255
3.847098331
4.131648532
7.3962934
3.05639979
7.234565135
4.238113398
5.329367133
6.207097257
2.774519233
5.140041043
3.144794845
3.883332764
4.609787835
3.151036313
3.562480167
6.645973304
2.268819029
6.021606013
0.125460807
7.928904371
5.922085939
6.855360246
3.479766311
7.292384306
5.631482642
5.724641194
5.718079238
7.885900606
5.853374747
6.8243967
6.8053577
7.437727818
3.105714036
6.731147644
4.475893993
4.429194951
8.630592291
6.757998753
4.466710392
3.097985021
6.956074636
3.068025097
4.462197762
3.539214365
3.587046967
6.870105513
0.916910249
4.427853618
1.474360475
8.563075084
2.720712348
9.92047939
1.802482882
6.846773131
4.450113235
8.523466916
4.284915339
2.121380394
6.177603296
5.486245115
7.873302213
7.371838184
7.248168989
4.556431404
6.644619664
6.980746664
7.994040474
6.271346332
7.009874718
5.587050567
7.826091714
4.307248428
8.055860168
3.072824101
8.10054522
4.750633102
8.37941018
4.08703021
8.129217439
3.738059585
2.16300609
7.408634663
5.596243546
4.461340829
4.893003637
0.126820501
6.729750277
6.878690236
5.305760663
9.921142664
3.819862776
5.030901015
3.648350277
5.225659195
7.477958228
6.408772084
4.584210198
7.534566999
4.181648694
5.3245109
8.543251357
6.22845596
6.707733202
7.212388829
5.933054391
5.759256954
6.839225285
6.087419956
9.484561799
5.324419178
10.28147179
7.974464662
7.470019284
6.684631587
6.775399198
5.444028261
9.662484074
5.057646788
5.843398634
7.737641816
3.381145478
8.043473762
6.620832669
3.529933562
3.261948179
4.433468487
3.831797569
7.028909797
4.748609067
7.381049627
7.056629286
5.501838622
9.021576107
8.455475913
9.536973419
7.197747475
9.763800025
4.533568755
11.51681575
6.195390714
6.659544084
5.627885854
8.757412687
6.941477459
7.055612719
10.31828034
7.468064638
3.838705195
5.895131429
6.697486163
2.451042457
6.80574712
0.03701122
8.691893183
5.016119416
2.723491647
6.923645828
4.741392305
4.538469457
8.064280433
5.970980035
4.069273528
5.767899593
7.204740717
3.98399516
6.465711455
2.877882412
7.180718896
-1.950284129
8.376544443
2.406249021
2.498551712
2.728103057
5.6746931
4.897545101
5.832135793
9.269007265
6.113825178
4.031327918
5.313467334
7.610444606
5.640014424
4.341520468
5.445656938
6.553178868
6.92886519
4.500157712
5.766776243
4.767577219
3.677860671
6.925919559
5.675759577
7.250712639
4.714193256
4.670744358
6.904814335
4.998701246
5.69104066
11.2453529
5.866768689
10.20797803
5.93886735
11.32055488
4.383983527
6.162438919
3.157342297
8.451123728
4.489447524
8.767038573
7.603596994
7.753597421
8.81489045
8.172804305
5.188949116
10.03002664
5.181622829
7.894643339
6.283928436
4.999375491
5.202662864
7.6150898
3.740204061
3.826874091
9.58648418
8.815760277
9.576728569
8.205941629
11.73498975
7.491929449
8.500770567
7.178187656
10.90584373
5.161808924
7.317301922
8.037691792
6.042153472
11.22816967
4.73983427
8.260623151
6.239277759
7.745301607
6.520366112
7.650220279
6.710190424
3.643786373
7.049837892
2.266977951
9.653256862
3.401568491
6.814031465
3.547802067
5.857929813
5.698081272
1.49542155
8.201333927
2.211065383
7.928865065
5.045664333
5.154290343
3.164288939
4.701475953
2.535657689
8.724237934
0.839934678
7.466708726
2.851353932
3.98660045
5.760263162
5.416989287
3.559138084
4.623446397
3.845511244
4.389281055
4.226891698
8.227804416
5.498176172
4.731342359
3.781212427
5.557886839
4.860917869
3.20687674
6.104214909
3.656009139
3.318450452
2.271469672
0.0390691
